This is a lot of 12 point text to test the
ocr code and see if it works on all types
of file format.

The quick brown dog jumped over the
lazy fox. The quick brown dog jumped
over the lazy fox. The quick brown dog
jumped over the lazy fox. The quick
brown dog jumped over the lazy fox.

~ 0 744 640 777 0
~ 0 777 1920 1080 0
~ 0 735 1920 744 0
~ 0 714 608 735 0
~ 680 764 1920 777 0
~ 1499 748 1920 764 0
~ 1499 744 1920 748 0
n 645 743 655 771 0
r 649 752 664 760 0
g 665 752 680 760 0
r 843 752 850 760 0
e 851 752 879 760 0
d 880 752 902 760 0
K 981 752 988 760 0
O 989 752 996 760 0
A 997 752 1004 760 0
e 1100 752 1115 760 0
r 1116 752 1147 760 0
s 1148 752 1154 760 0
r 1233 752 1243 760 0
a 1244 752 1250 760 0
e 1252 752 1266 760 0
O 1310 752 1318 760 0
r 1310 752 1321 760 0
e 1322 752 1329 760 0
s 1330 752 1337 760 0
~ 572 740 1348 743 0
~ 1499 714 1920 735 0
~ 0 701 1920 714 0
~ 0 680 608 701 0
N 662 719 673 730 0
e 674 719 691 730 0
y 691 719 699 727 0
w 872 719 873 729 0
a 872 719 876 729 0
y 884 719 890 729 0
2 947 719 961 729 0
1 987 719 991 729 0
5 995 719 1001 729 0
3 1031 719 1032 729 0
8 1031 719 1032 729 0
g 1031 719 1037 729 0
E 1226 721 1232 727 0
e 1238 718 1248 729 0
n 1249 719 1271 729 0
2 1318 720 1324 728 0
8 1318 720 1330 728 0
~ 573 705 1348 708 0
a 664 685 691 696 0
i 678 676 697 704 0
r 691 685 715 696 0
] 708 676 718 704 0
i 851 685 888 695 0
g 889 685 897 695 0
a 948 685 961 695 0
a 1226 687 1232 693 0
a 1239 684 1271 695 0
F 1311 676 1321 704 0
E 1318 686 1323 694 0
) 1325 686 1330 694 0
‘ 1446 685 1450 695 0
~ 1347 673 1348 707 0
~ 0 669 1920 680 0
~ 1499 680 1920 701 0
~ 0 641 608 669 0
~ 572 672 1348 675 0
~ 1499 641 1920 669 0
~ 0 612 608 633 0
~ 0 633 1920 641 0
~ 0 602 608 612 0
p 640 641 656 670 0
a 647 651 655 659 0
r 656 651 681 662 0
e 682 648 698 659 0
s 699 651 713 659 0
r 858 651 864 661 0
a 858 651 864 661 0
P 948 651 961 661 0
r 988 651 1001 661 0
e 1011 641 1027 670 0
e 1018 641 1034 670 0
c 1232 653 1238 659 0
e 1233 651 1248 661 0
r 1244 651 1266 661 0
E 1318 652 1323 660 0
a 1324 652 1330 660 0
~ 0 536 1920 602 0
~ 1499 618 1920 633 0
~ 1607 612 1920 618 0
~ 1607 602 1920 612 0
~ 0 480 608 536 0
C 637 608 656 636 0
i 648 617 660 628 0
T 679 617 680 628 0
a 681 617 696 628 0
t 851 617 888 627 0
g 889 617 897 627 0
n 948 617 1001 627 0
d 1031 617 1037 627 0
E 1226 619 1232 625 0
R 1239 617 1242 627 0
E 1246 616 1248 619 0
D 1249 617 1271 627 0
2 1318 618 1324 626 0
8 1318 618 1330 626 0
r 1535 606 1549 614 0
o 1550 606 1573 614 0
t 1574 606 1580 614 0
s 1581 606 1588 614 0
~ 1638 536 1788 537 0
~ 1638 525 1788 526 0
~ 1621 480 1920 536 0
~ 1629 447 1791 528 0
~ 1644 446 1671 447 0
~ 1651 431 1671 446 0
~ 1638 465 1788 466 0
~ 1787 416 1788 586 0
~ 1638 416 1639 573 0
~ 1638 416 1788 417 0
a 1173 511 1183 516 0
p 1337 504 1357 543 0
a 1348 514 1367 529 0
A 1596 512 1601 521 0
n 1616 517 1621 522 0
P 647 489 684 500 0
E 678 480 692 508 0
L 686 489 701 500 0
) 702 489 709 497 0
a 850 489 887 499 0
e 888 489 896 499 0
y 946 489 952 499 0
o 954 489 960 499 0
1 986 489 990 499 0
6 994 489 1000 499 0
| 1002 481 1017 509 0
6 1030 489 1036 499 0
E 1213 481 1232 509 0
e 1224 491 1232 497 0
A 1238 489 1243 499 0
T 1245 488 1254 499 0
O 1256 489 1262 499 0
4 1307 481 1322 509 0
0 1316 490 1322 498 0
. 1324 490 1329 498 0
r 1349 486 1381 521 0
e 1363 481 1386 525 0
1 1539 483 1548 514 0
5 1549 483 1565 514 0
0 1564 483 1580 514 0
5 1595 482 1602 506 0
i 1640 507 1641 511 0
T 650 455 655 466 0
e 657 455 662 463 0
t 664 455 679 463 0
e 679 455 706 466 0
e 708 455 715 463 0
i 839 448 857 469 0
i 850 455 857 465 0
a 860 455 867 465 0
N 872 455 877 465 0
) 879 455 886 465 0
a 889 455 895 465 0
1 947 455 950 465 0
7 954 455 960 465 0
c 983 448 990 469 0
r 987 455 990 465 0
J 1030 455 1036 465 0
a 1225 454 1247 465 0
d 1248 455 1254 465 0
i 1256 455 1262 465 0
) 1264 455 1270 465 0
r 1307 448 1322 469 0
i 1317 456 1329 464 0
r 1347 437 1356 460 0
y 1358 450 1362 454 0
" 1377 442 1387 456 0
1 1539 434 1546 454 0
R 1553 434 1580 454 0
i 1596 452 1621 462 0
n 1853 430 1868 471 0
y 1861 434 1873 454 0
N 647 421 656 432 0
o 657 421 665 429 0
t 665 421 673 429 0
t 674 421 681 432 0
e 683 421 694 432 0
r 850 421 857 431 0
a 860 421 877 431 0
h 879 421 896 431 0
s 946 421 950 431 0
i 947 421 958 431 0
d 954 421 960 431 0
a 986 421 1000 431 0
a 1030 421 1036 431 0
P 1224 423 1231 430 0
e 1225 420 1241 431 0
a 1237 420 1247 431 0
t 1249 421 1262 431 0
) 1264 421 1270 431 0
1 1274 405 1288 444 0
5 1282 409 1293 439 0
r 1316 422 1322 430 0
e 1323 422 1329 430 0
R 1337 414 1367 441 0
A 1380 427 1391 438 0
Y 1396 425 1403 438 0
L 1542 423 1557 430 0
o 1558 423 1569 430 0
m 1570 423 1576 430 0
e 1595 422 1602 446 0
a 1643 428 1644 440 0
a 1643 428 1646 440 0
. 1643 428 1651 440 0
i 1671 417 1688 437 0
s 1678 417 1688 437 0
S 1709 419 1717 427 0
E 1709 419 1733 427 0
T 1734 419 1757 425 0
S 1758 419 1766 425 0
P 647 387 669 398 0
e 670 387 689 398 0
r 690 387 695 395 0
c 697 387 713 395 0
y 714 387 726 395 0
A 857 387 863 397 0
n 871 387 875 397 0
D 883 387 889 397 0
6 947 387 960 397 0
w 987 387 1000 397 0
g 1030 387 1036 397 0
E 1225 386 1232 397 0
r 1225 389 1231 395 0
e 1237 386 1246 397 0
z 1248 387 1270 397 0
F 1317 388 1322 396 0
a 1324 388 1329 396 0
i 1386 410 1389 411 0
_ 1900 404 1920 407 0
~ 1365 379 1453 412 0
Y 1535 385 1538 388 0
S 1543 377 1594 402 0
) 1612 381 1641 392 0
P 632 346 658 368 0
T 647 353 658 364 0
A 660 350 727 364 0
i 850 353 857 363 0
t 851 346 866 367 0
a 860 353 867 363 0
l 868 353 877 363 0
y 879 353 895 363 0
a 937 346 952 367 0
K 947 353 950 363 0
} 954 353 960 363 0
a 977 346 992 367 0
K 987 353 990 363 0
} 994 353 1000 363 0
r 1021 347 1035 367 0
y 1030 353 1036 363 0
C 1225 355 1231 361 0
A 1237 352 1246 363 0
L 1248 353 1262 363 0
) 1264 353 1270 363 0
r 1309 347 1320 367 0
i 1317 354 1322 362 0
o 1390 356 1393 357 0
o 1542 351 1560 355 0
e 1549 351 1560 355 0
S 1353 340 1358 345 0
S 1354 327 1362 349 0
[ 1586 336 1592 347 0
o 1586 336 1594 347 0
m 1591 336 1603 347 0
y 1612 336 1641 347 0
C 1771 338 1783 346 0
e 1775 331 1787 352 0
n 1784 338 1789 346 0
S 1790 338 1791 346 0
e 1793 338 1804 346 0
e 1807 338 1837 346 0
) 1839 338 1850 346 0
i 1887 338 1890 346 0
E 887 325 966 335 0
E 968 326 1034 334 0
a 979 315 1002 358 0
U 1498 312 1530 358 0
k 1535 328 1552 348 0
~ 1013 319 1024 321 0
~ 1038 311 1049 315 0
S 1153 306 1182 327 0
a 1170 313 1189 321 0
l 1181 306 1193 327 0
e 1900 318 1920 324 0
s 1912 318 1920 324 0
~ 1397 360 1450 369 0
~ 572 339 1348 342 0
~ 0 200 608 480 0
~ 1589 66 1788 245 0
~ 689 74 1231 77 0
~ 537 24 1118 27 0
— 770 57 918 100 0
— 911 76 923 83 0
T 978 53 1141 104 0
o 1244 37 1350 103 0
© 537 34 575 72 0
S 591 37 611 72 0
h 596 20 625 76 0
— 751 29 828 64 0
| 864 29 941 40 0
A 938 18 950 54 0
a 944 18 956 54 0
a 977 28 1054 40 0
N 1311 36 1337 70 0
a 1339 46 1343 57 0
l 1345 46 1350 57 0
b 1803 13 1815 46 0
e 1810 31 1819 40 0
S 785 10 792 19 0
E 785 10 792 19 0
S 791 10 792 19 0
S 898 10 907 19 0
F 898 10 907 19 0
S 1011 10 1012 19 0
s 1011 10 1018 19 0
” 1011 10 1018 19 0
C 1090 0 1091 42 0
O 1090 0 1091 42 0
N 1090 0 1209 42 0
. 1228 2 1233 8 0
: 1834 27 1837 32 0

level	page_num	block_num	par_num	line_num	word_num	left	top	width	height	conf	text
1	1	0	0	0	0	0	0	1920	1080	-1	
2	1	1	0	0	0	0	0	1920	366	-1	
3	1	1	1	0	0	0	0	1920	366	-1	
4	1	1	1	1	0	0	0	1920	345	-1	
5	1	1	1	1	1	0	0	1920	345	95	   
4	1	1	1	2	0	0	345	608	21	-1	
5	1	1	1	2	1	0	345	608	21	95	 
2	1	2	0	0	0	680	303	1240	33	-1	
3	1	2	1	0	0	680	303	1240	33	-1	
4	1	2	1	1	0	680	303	1240	13	-1	
5	1	2	1	1	1	680	303	1240	13	95	 
4	1	2	1	2	0	1499	316	421	20	-1	
5	1	2	1	2	1	1499	316	421	20	95	  
2	1	3	0	0	0	645	309	692	28	-1	
3	1	3	1	0	0	645	309	692	28	-1	
4	1	3	1	1	0	645	309	692	28	-1	
5	1	3	1	1	1	645	309	35	28	15	nrg
5	1	3	1	1	2	843	320	59	8	9	red
5	1	3	1	1	3	981	320	23	8	78	KOA
5	1	3	1	1	4	1100	320	54	8	10	ers
5	1	3	1	1	5	1233	320	33	8	24	rae
5	1	3	1	1	6	1310	320	27	8	42	Ores
2	1	4	0	0	0	572	337	776	3	-1	
3	1	4	1	0	0	572	337	776	3	-1	
4	1	4	1	1	0	572	337	776	3	-1	
5	1	4	1	1	1	572	337	776	3	95	 
2	1	5	0	0	0	0	345	1920	55	-1	
3	1	5	1	0	0	0	345	1920	55	-1	
4	1	5	1	1	0	1499	345	421	21	-1	
5	1	5	1	1	1	1499	345	421	21	95	 
4	1	5	1	2	0	0	366	1920	13	-1	
5	1	5	1	2	1	0	366	1920	13	95	 
4	1	5	1	3	0	0	379	608	21	-1	
5	1	5	1	3	1	0	379	608	21	95	 
2	1	6	0	0	0	662	350	668	12	-1	
3	1	6	1	0	0	648	350	682	12	-1	
4	1	6	1	1	0	662	350	668	12	-1	
5	1	6	1	1	1	662	350	37	11	24	Ney
5	1	6	1	1	2	872	351	18	10	12	way
5	1	6	1	1	3	947	351	14	10	56	2
5	1	6	1	1	4	987	351	14	10	67	15
5	1	6	1	1	5	1031	351	6	10	16	38g
5	1	6	1	1	6	1226	351	45	11	0	Een
5	1	6	1	1	7	1318	352	12	8	95	28
2	1	7	0	0	0	573	372	775	3	-1	
3	1	7	1	0	0	573	372	775	3	-1	
4	1	7	1	1	0	573	372	775	3	-1	
5	1	7	1	1	1	573	372	775	3	95	 
2	1	8	0	0	0	664	376	786	28	-1	
3	1	8	1	0	0	647	376	803	28	-1	
4	1	8	1	1	0	664	376	786	28	-1	
5	1	8	1	1	1	664	376	54	28	12	air]
5	1	8	1	1	2	851	385	46	10	18	ig
5	1	8	1	1	3	948	385	13	10	15	a
5	1	8	1	1	4	1226	385	45	11	0	aa
5	1	8	1	1	5	1311	376	19	28	30	FE)
5	1	8	1	1	6	1446	385	4	10	7	‘
2	1	9	0	0	0	1347	373	1	34	-1	
3	1	9	1	0	0	1347	373	1	34	-1	
4	1	9	1	1	0	1347	373	1	34	-1	
5	1	9	1	1	1	1347	373	1	34	95	 
2	1	10	0	0	0	0	379	1920	60	-1	
3	1	10	1	0	0	0	379	1920	60	-1	
4	1	10	1	1	0	0	379	1920	32	-1	
5	1	10	1	1	1	0	379	1920	32	95	  
4	1	10	1	2	0	0	411	608	28	-1	
5	1	10	1	2	1	0	411	608	28	95	 
2	1	11	0	0	0	572	405	776	3	-1	
3	1	11	1	0	0	572	405	776	3	-1	
4	1	11	1	1	0	572	405	776	3	-1	
5	1	11	1	1	1	572	405	776	3	95	 
2	1	12	0	0	0	0	411	1920	67	-1	
3	1	12	1	0	0	0	411	1920	67	-1	
4	1	12	1	1	0	1499	411	421	28	-1	
5	1	12	1	1	1	1499	411	421	28	95	 
4	1	12	1	2	0	0	439	1920	39	-1	
5	1	12	1	2	1	0	439	1920	39	95	   
2	1	13	0	0	0	640	410	690	29	-1	
3	1	13	1	0	0	640	410	690	29	-1	
4	1	13	1	1	0	640	410	690	29	-1	
5	1	13	1	1	1	640	410	73	29	25	pares
5	1	13	1	1	2	858	419	6	10	31	ra
5	1	13	1	1	3	948	419	53	10	0	Pr
5	1	13	1	1	4	1011	410	23	29	16	ee
5	1	13	1	1	5	1232	419	34	10	15	cer
5	1	13	1	1	6	1318	420	12	8	14	Ea
2	1	14	0	0	0	0	447	1920	153	-1	
3	1	14	1	0	0	0	447	1920	153	-1	
4	1	14	1	1	0	0	447	1920	97	-1	
5	1	14	1	1	1	0	447	1920	97	95	    
4	1	14	1	2	0	0	544	608	56	-1	
5	1	14	1	2	1	0	544	608	56	95	 
2	1	15	0	0	0	637	444	951	30	-1	
3	1	15	1	0	0	637	444	951	30	-1	
4	1	15	1	1	0	637	444	693	28	-1	
5	1	15	1	1	1	637	444	23	28	0	Ci
5	1	15	1	1	2	679	452	17	11	0	Ta
5	1	15	1	1	3	851	453	46	10	21	tg
5	1	15	1	1	4	948	453	89	10	18	nd
5	1	15	1	1	5	1226	453	45	11	17	ERED
5	1	15	1	1	6	1318	454	12	8	95	28
4	1	15	1	2	0	1535	466	53	8	-1	
5	1	15	1	2	1	1535	466	53	8	9	rots
2	1	16	0	0	0	1638	543	150	1	-1	
3	1	16	1	0	0	1638	543	150	1	-1	
4	1	16	1	1	0	1638	543	150	1	-1	
5	1	16	1	1	1	1638	543	150	1	95	 
2	1	17	0	0	0	1638	554	150	1	-1	
3	1	17	1	0	0	1638	554	150	1	-1	
4	1	17	1	1	0	1638	554	150	1	-1	
5	1	17	1	1	1	1638	554	150	1	95	 
2	1	18	0	0	0	1621	544	299	105	-1	
3	1	18	1	0	0	1621	544	299	105	-1	
4	1	18	1	1	0	1621	544	299	105	-1	
5	1	18	1	1	1	1621	544	299	105	95	    
2	1	19	0	0	0	1638	614	150	1	-1	
3	1	19	1	0	0	1638	614	150	1	-1	
4	1	19	1	1	0	1638	614	150	1	-1	
5	1	19	1	1	1	1638	614	150	1	95	 
2	1	20	0	0	0	1787	494	1	170	-1	
3	1	20	1	0	0	1787	494	1	170	-1	
4	1	20	1	1	0	1787	494	1	170	-1	
5	1	20	1	1	1	1787	494	1	170	95	 
2	1	21	0	0	0	1638	507	1	157	-1	
3	1	21	1	0	0	1638	507	1	157	-1	
4	1	21	1	1	0	1638	507	1	157	-1	
5	1	21	1	1	1	1638	507	1	157	95	 
2	1	22	0	0	0	1638	663	150	1	-1	
3	1	22	1	0	0	1638	663	150	1	-1	
4	1	22	1	1	0	1638	663	150	1	-1	
5	1	22	1	1	1	1638	663	150	1	95	 
2	1	23	0	0	0	647	537	1273	157	-1	
3	1	23	1	0	0	647	537	1273	157	-1	
4	1	23	1	1	0	1173	537	448	39	-1	
5	1	23	1	1	1	1173	564	10	5	4	a
5	1	23	1	1	2	1337	537	30	39	26	pa
5	1	23	1	1	3	1596	558	25	10	54	An
4	1	23	1	2	0	647	555	994	45	-1	
5	1	23	1	2	1	647	572	62	28	17	PEL)
5	1	23	1	2	2	850	581	46	10	13	ae
5	1	23	1	2	3	946	581	14	10	22	yo
5	1	23	1	2	4	986	581	14	10	41	16
5	1	23	1	2	5	1002	571	15	28	54	|
5	1	23	1	2	6	1030	581	6	10	39	6
5	1	23	1	2	7	1213	571	19	28	0	Ee
5	1	23	1	2	8	1238	581	24	11	0	ATO
5	1	23	1	2	9	1307	571	22	28	66	40.
5	1	23	1	2	10	1349	555	37	44	6	re
5	1	23	1	2	11	1539	566	41	31	93	150
5	1	23	1	2	12	1595	574	7	24	34	5
5	1	23	1	2	13	1640	569	1	4	40	i
4	1	23	1	3	0	650	609	1223	41	-1	
5	1	23	1	3	1	650	614	29	11	26	Tet
5	1	23	1	3	2	679	614	36	11	11	ee
5	1	23	1	3	3	839	611	28	21	0	iia
5	1	23	1	3	4	872	615	14	10	0	N)
5	1	23	1	3	5	889	615	6	10	19	a
5	1	23	1	3	6	947	615	13	10	90	17
5	1	23	1	3	7	983	611	7	21	17	cr
5	1	23	1	3	8	1030	615	6	10	16	J
5	1	23	1	3	9	1225	615	45	11	21	adi)
5	1	23	1	3	10	1307	611	22	21	18	ri
5	1	23	1	3	11	1347	620	15	23	46	ry
5	1	23	1	3	12	1377	624	10	14	0	"
5	1	23	1	3	13	1539	626	7	20	96	1
5	1	23	1	3	14	1553	626	27	20	0	R
5	1	23	1	3	15	1596	618	25	10	39	i
5	1	23	1	3	16	1853	609	20	41	3	ny
4	1	23	1	4	0	647	634	1119	41	-1	
5	1	23	1	4	1	647	648	47	11	0	Notte
5	1	23	1	4	2	850	649	46	10	4	rah
5	1	23	1	4	3	946	649	14	10	26	sid
5	1	23	1	4	4	986	649	14	10	30	a
5	1	23	1	4	5	1030	649	6	10	30	a
5	1	23	1	4	6	1224	649	46	11	12	Peat)
5	1	23	1	4	7	1274	636	19	39	32	15
5	1	23	1	4	8	1316	650	13	8	24	re
5	1	23	1	4	9	1337	639	66	27	22	RAY
5	1	23	1	4	10	1542	634	60	24	6	Lome
5	1	23	1	4	11	1643	640	8	12	15	aa.
5	1	23	1	4	12	1671	643	17	20	33	is
5	1	23	1	4	13	1709	653	57	8	43	SETS
4	1	23	1	5	0	647	669	1273	25	-1	
5	1	23	1	5	1	647	682	79	11	11	Percy
5	1	23	1	5	2	857	683	32	10	60	AnD
5	1	23	1	5	3	947	683	13	10	41	6
5	1	23	1	5	4	987	683	49	10	35	wg
5	1	23	1	5	5	1225	683	45	11	14	Erez
5	1	23	1	5	6	1317	684	12	8	32	Fa
5	1	23	1	5	7	1386	669	3	1	19	i
5	1	23	1	5	8	1900	673	20	3	21	_
2	1	24	0	0	0	1365	668	88	33	-1	
3	1	24	1	0	0	1365	668	88	33	-1	
4	1	24	1	1	0	1365	668	88	33	-1	
5	1	24	1	1	1	1365	668	88	33	95	 
2	1	25	0	0	0	1535	684	106	19	-1	
3	1	25	1	0	0	1535	678	106	25	-1	
4	1	25	1	1	0	1535	684	106	19	-1	
5	1	25	1	1	1	1535	678	106	25	0	YS)
2	1	26	0	0	0	632	712	1288	62	-1	
3	1	26	1	0	0	632	712	1288	57	-1	
4	1	26	1	1	0	632	712	928	22	-1	
5	1	26	1	1	1	632	712	95	22	0	PTA
5	1	26	1	1	2	850	713	45	21	4	italy
5	1	26	1	1	3	937	713	23	21	29	aK}
5	1	26	1	1	4	977	713	23	21	7	aK}
5	1	26	1	1	5	1021	713	15	20	55	ry
5	1	26	1	1	6	1225	717	45	11	15	CAL)
5	1	26	1	1	7	1309	713	13	20	47	ri
5	1	26	1	1	8	1390	723	3	1	0	o
5	1	26	1	1	9	1542	725	18	4	22	oe
4	1	26	1	2	0	1353	728	537	25	-1	
5	1	26	1	2	1	1353	731	9	22	56	SS
5	1	26	1	2	2	1586	733	55	11	2	[omy
5	1	26	1	2	3	1771	728	18	21	11	Cen
5	1	26	1	2	4	1790	734	60	8	7	See)
5	1	26	1	2	5	1887	734	3	8	14	i
4	1	26	1	3	0	1498	722	54	46	-1	
5	1	26	1	3	1	887	745	147	10	18	EE
5	1	26	1	3	2	979	722	23	43	49	a
5	1	26	1	3	3	1498	722	54	46	14	Uk
4	1	26	1	4	0	1013	753	907	21	-1	
5	1	26	1	4	1	1013	759	36	10	68	~~
5	1	26	1	4	2	1153	753	40	21	18	Sal
5	1	26	1	4	3	1900	756	20	6	17	es
2	1	27	0	0	0	1397	711	53	9	-1	
3	1	27	1	0	0	1397	711	53	9	-1	
4	1	27	1	1	0	1397	711	53	9	-1	
5	1	27	1	1	1	1397	711	53	9	95	 
2	1	28	0	0	0	572	738	776	3	-1	
3	1	28	1	0	0	572	738	776	3	-1	
4	1	28	1	1	0	572	738	776	3	-1	
5	1	28	1	1	1	572	738	776	3	95	 
2	1	29	0	0	0	0	600	1788	414	-1	
3	1	29	1	0	0	0	600	1788	414	-1	
4	1	29	1	1	0	0	600	1788	414	-1	
5	1	29	1	1	1	0	600	608	280	95	 
5	1	29	1	1	2	1589	835	199	179	95	 
2	1	30	0	0	0	689	1003	542	3	-1	
3	1	30	1	0	0	689	1003	542	3	-1	
4	1	30	1	1	0	689	1003	542	3	-1	
5	1	30	1	1	1	689	1003	542	3	95	 
2	1	31	0	0	0	537	1053	581	3	-1	
3	1	31	1	0	0	537	1053	581	3	-1	
4	1	31	1	1	0	537	1053	581	3	-1	
5	1	31	1	1	1	537	1053	581	3	95	 
2	1	32	0	0	0	537	976	1330	104	-1	
3	1	32	1	0	0	537	976	1330	104	-1	
4	1	32	1	1	0	770	976	531	67	-1	
5	1	32	1	1	1	770	980	153	43	20	——
5	1	32	1	1	2	978	976	372	67	22	To
4	1	32	1	2	0	537	1004	1330	56	-1	
5	1	32	1	2	1	537	1008	38	38	36	©
5	1	32	1	2	2	591	1004	34	56	3	Sh
5	1	32	1	2	3	751	1016	77	35	60	—
5	1	32	1	2	4	864	1040	77	11	65	|
5	1	32	1	2	5	938	1026	18	36	33	Aa
5	1	32	1	2	6	977	1040	77	12	35	a
5	1	32	1	2	7	1311	1010	39	34	50	Nal
5	1	32	1	2	8	1803	1034	16	33	10	be
4	1	32	1	3	0	743	1038	1094	42	-1	
5	1	32	1	3	1	785	1061	7	9	60	SES
5	1	32	1	3	2	898	1061	9	9	58	SF
5	1	32	1	3	3	1011	1061	7	9	38	Ss”
5	1	32	1	3	4	1090	1038	143	42	45	CON.
5	1	32	1	3	5	1834	1048	3	5	15	:

